Source: "Training_Data_Minor"
Created Dec. 22 2023

Bach Concerto in G minor BWV 983 Allegro
START
74,70,70,70,69,67,74,62,62,74,70,70,70,69,67,74,62,62,74,79,81,82,81,82,79,78,74,74,74,79,81,82,81,82,79,78,74,74,79,81,82,81,79,79,81,78,79,67,67,79,81,82,81,79,79,81,78,79,67,67,77,74,74,74,72,70,77,65,65,77,74,74,74,72,70,77,65,65,77,74,72,70,70,72,69,70,0,74,70,70,70,69,67,74,62,62,74,70,70,70,69,67,74,62,62,74,79,81,82,81,82,79,78,74,74,74,79,81,82,81,82,79,78,74,74,79,81,82,81,79,79,81,78,79,67,67,74,70,69,67,67,69,66,67
END


Bach Fugue in G Minor Allegro
START
67,74,70,69,67,70,69,67,66,69,62,67,62,69,62,70,69,67,69,62,67,62,67,69,62,69,70,69,67,69,67,69,62,70,69,70,69,67,70,69,70,69,67,70,69,67,66,69,67,62,67,69,70,72,74,76,77,76,74,77,76,74,73,76,74,69,74,76,79,79,77,79,77,79,81,79,81,82,81,79,77,76,77,81,79,81,73,81,79,81,74,81,79,81,73,81,79,81,77,74,73,74,79,74,72,74,81,74,72,74,79,74,72,74,69,77,67,76,65,69,74,77,75,81,75,74,79,74,72,70,72,74,72,81,79,81,70,79,78,79,69,78,76,78,79
END
